Some((
    red: 0.87028575,
    green: 0.30850258,
    blue: 0.3996616,
    alpha: 1.0,
))