Some((
    red: 0.6954361,
    green: 0.6954361,
    blue: 0.6954361,
))