Some((
    red: 0.69411767,
    green: 0.12941176,
    blue: 0.25882345,
))