Some((
    red: 0.90595335,
    green: 0.8565275,
    blue: 0.8414835,
    alpha: 1.0,
))