Some((
    red: 0.63179886,
    green: 0.63179886,
    blue: 0.63179886,
))