Some((
    red: 0.69476855,
    green: 0.12800747,
    blue: 0.26024213,
))