Some((
    red: 0.012494841,
    green: 0.000011347234,
    blue: 0.017429769,
    alpha: 1.0,
))