Some((
    red: 0.0063350797,
    green: 0.17745073,
    blue: 0.41702926,
))